model                            0         1         2         3         4         5         6         7         8         9
split                                                                                                                       
nn_ecfp4_1024             0.723480  0.728274  0.690027  0.709946  0.750205  0.770670  0.741179  0.779227  0.713235  0.706029
nn_ecfp4_128              0.758358  0.728466  0.710113  0.743989  0.766291  0.798842  0.779911  0.740006  0.738888  0.722553
nn_ecfp4_2048             0.734411  0.715266  0.679347  0.704498  0.768733  0.729330  0.744205  0.768026  0.703758  0.666215
nn_ecfp4_256              0.779601  0.750586  0.710140  0.710385  0.760798  0.758399  0.743437  0.732698  0.740470  0.714253
nn_ecfp4_4096             0.722336  0.686979  0.664288  0.687241  0.724923  0.751603  0.748281  0.747479  0.663758  0.663300
nn_map4_1024              0.839814  0.715348  0.749631  0.721291  0.778874  0.845876  0.803577  0.731547  0.696798  0.760398
nn_map4_128               0.688542  0.706052  0.704788  0.704906  0.737828  0.690242  0.682173  0.697025  0.660961  0.710871
nn_map4_2048              0.723767  0.713810  0.685748  0.706267  0.737131  0.747131  0.683657  0.696219  0.680780  0.705981
nn_map4_256               0.688640  0.707678  0.690698  0.707495  0.722928  0.691209  0.695048  0.697157  0.659304  0.720041
nn_map4_4096              0.685453  0.701919  0.671553  0.702957  0.688415  0.672991  0.699727  0.675034  0.639771  0.687322
nn_rdkit_1024             0.710222  0.680719  0.654202  0.741375  0.666873  0.685217  0.704431  0.691796  0.708348  0.720715
nn_rdkit_128              0.738668  0.673226  0.666107  0.681127  0.690413  0.662678  0.669519  0.678262  0.635708  0.708888
nn_rdkit_2048             0.724146  0.718719  0.675681  0.705971  0.686748  0.697222  0.717696  0.701811  0.694681  0.710901
nn_rdkit_256              0.740013  0.707016  0.671716  0.685890  0.693270  0.713415  0.708353  0.672995  0.753170  0.737569
nn_rdkit_4096             0.734229  0.713761  0.698882  0.703229  0.691808  0.729682  0.743117  0.722067  0.699441  0.717249
nn_secfp6_1024            0.811530  0.746911  0.716214  0.756904  0.772064  0.723513  0.743257  0.730953  0.733821  0.730584
nn_secfp6_128             0.688380  0.707296  0.694460  0.704487  0.690343  0.684560  0.720154  0.696926  0.659882  0.719419
nn_secfp6_2048            0.705645  0.717385  0.677027  0.705160  0.778838  0.698721  0.717912  0.711794  0.694931  0.740819
nn_secfp6_256             0.689315  0.706378  0.691199  0.704269  0.683608  0.705907  0.696970  0.696805  0.659746  0.726568
nn_secfp6_4096            0.686698  0.698869  0.669165  0.678767  0.729468  0.696120  0.701582  0.685994  0.665887  0.696416
randomforest_ecfp4_1024   0.671147  0.685614  0.664331  0.712457  0.692213  0.692094  0.715511  0.706220  0.654086  0.662507
randomforest_ecfp4_128    0.678307  0.694105  0.676004  0.715550  0.734158  0.733833  0.721845  0.706305  0.666905  0.659296
randomforest_ecfp4_2048   0.660292  0.700381  0.652993  0.705917  0.683927  0.679624  0.697816  0.691958  0.625323  0.662395
randomforest_ecfp4_256    0.682476  0.702129  0.678285  0.717284  0.696292  0.707500  0.711080  0.704791  0.639697  0.665045
randomforest_ecfp4_4096   0.650410  0.681736  0.658204  0.683174  0.667208  0.667827  0.675234  0.680039  0.629800  0.668840
randomforest_map4_1024    0.717417  0.706096  0.688035  0.719254  0.740908  0.742044  0.731652  0.724109  0.675235  0.703080
randomforest_map4_128     0.689420  0.710751  0.693130  0.705855  0.699564  0.693200  0.703805  0.699430  0.660375  0.709834
randomforest_map4_2048    0.708330  0.713767  0.700941  0.754353  0.736833  0.743231  0.740776  0.733209  0.685297  0.692129
randomforest_map4_256     0.690516  0.711951  0.690900  0.706740  0.703548  0.695418  0.705625  0.701264  0.662896  0.708757
randomforest_map4_4096    0.705461  0.722049  0.698448  0.749572  0.742967  0.742956  0.732230  0.741899  0.696089  0.694293
randomforest_rdkit_1024   0.679409  0.680072  0.644261  0.719564  0.693936  0.707767  0.690894  0.711491  0.658726  0.676501
randomforest_rdkit_128    0.696765  0.683944  0.658484  0.680901  0.668678  0.677870  0.677598  0.716067  0.682224  0.707021
randomforest_rdkit_2048   0.692709  0.678862  0.688203  0.732232  0.697270  0.724469  0.733545  0.721649  0.662125  0.682239
randomforest_rdkit_256    0.702538  0.726520  0.676621  0.724910  0.675294  0.717562  0.687554  0.761597  0.692954  0.681783
randomforest_rdkit_4096   0.688084  0.693279  0.688088  0.728939  0.712201  0.760160  0.753797  0.713586  0.658546  0.684761
randomforest_secfp6_1024  0.732012  0.730065  0.705707  0.731850  0.728118  0.733607  0.738079  0.719373  0.687410  0.704233
randomforest_secfp6_128   0.689420  0.710751  0.693130  0.705855  0.699564  0.693200  0.703805  0.699430  0.660375  0.709834
randomforest_secfp6_2048  0.706817  0.711865  0.687223  0.744589  0.744400  0.730204  0.724120  0.716593  0.695706  0.690847
randomforest_secfp6_256   0.691649  0.707593  0.693494  0.706509  0.702228  0.692058  0.705222  0.699748  0.664483  0.713492
randomforest_secfp6_4096  0.700397  0.714763  0.688833  0.737922  0.733924  0.752745  0.727492  0.727571  0.692782  0.694953
xgb_ecfp4_1024            0.644720  0.698508  0.653149  0.717296  0.666733  0.682354  0.719659  0.720700  0.626654  0.678028
xgb_ecfp4_128             0.699343  0.690200  0.679683  0.715197  0.734011  0.736919  0.706505  0.700021  0.665180  0.691867
xgb_ecfp4_2048            0.647190  0.689577  0.672322  0.685113  0.671186  0.650972  0.684041  0.711479  0.633127  0.676010
xgb_ecfp4_256             0.689200  0.705835  0.672222  0.711184  0.706820  0.691746  0.696647  0.684245  0.632588  0.669262
xgb_ecfp4_4096            0.657601  0.688354  0.648112  0.669185  0.651342  0.647846  0.670669  0.703984  0.628592  0.675665
xgb_map4_1024             0.700349  0.715528  0.691269  0.725017  0.743464  0.720256  0.723690  0.717173  0.694022  0.724133
xgb_map4_128              0.688883  0.711511  0.693819  0.705515  0.703009  0.693530  0.708416  0.698802  0.660397  0.712331
xgb_map4_2048             0.709472  0.720634  0.699968  0.731721  0.743800  0.713319  0.729390  0.727505  0.680003  0.706512
xgb_map4_256              0.691068  0.714864  0.693130  0.706106  0.706874  0.696153  0.709744  0.700699  0.661079  0.713885
xgb_map4_4096             0.709064  0.725753  0.693964  0.763666  0.749887  0.721748  0.729864  0.728961  0.694704  0.703978
xgb_rdkit_1024            0.672984  0.697093  0.668661  0.700706  0.705490  0.693802  0.691115  0.692631  0.664825  0.676353
xgb_rdkit_128             0.685948  0.680890  0.663968  0.684430  0.664521  0.663233  0.663532  0.669436  0.645800  0.699219
xgb_rdkit_2048            0.688888  0.699990  0.677390  0.718829  0.735870  0.705972  0.741226  0.717760  0.654701  0.685127
xgb_rdkit_256             0.689558  0.684035  0.673046  0.686303  0.675352  0.685643  0.683922  0.776659  0.652195  0.686877
xgb_rdkit_4096            0.685188  0.700365  0.677474  0.710838  0.683248  0.695500  0.698764  0.687242  0.679721  0.697444
xgb_secfp6_1024           0.703246  0.734326  0.708521  0.723858  0.742006  0.706497  0.727239  0.728159  0.691735  0.720697
xgb_secfp6_128            0.688883  0.711511  0.693819  0.705515  0.703009  0.693530  0.708416  0.698802  0.660397  0.712331
xgb_secfp6_2048           0.698109  0.727027  0.689848  0.732793  0.759566  0.722483  0.740095  0.729324  0.696614  0.714390
xgb_secfp6_256            0.690577  0.707987  0.695428  0.708132  0.701648  0.699382  0.710206  0.700432  0.663026  0.716665
xgb_secfp6_4096           0.691709  0.711535  0.692388  0.710746  0.742053  0.720026  0.733663  0.724423  0.707530  0.703531

Dataset-level collisions per encoding/bit:
              num_dataset_collisions
encoding_bit                        
ecfp4_1024                     31929
ecfp4_128                      28042
ecfp4_2048                     32016
ecfp4_256                      30119
ecfp4_4096                     31922
map4_1024                     789980
map4_128                      114176
map4_2048                    1155304
map4_256                      228252
map4_4096                    1438456
rdkit_1024                    444506
rdkit_128                     105681
rdkit_2048                    554094
rdkit_256                     192050
rdkit_4096                    629079
secfp6_1024                   790711
secfp6_128                    114176
secfp6_2048                  1154981
secfp6_256                    228274
secfp6_4096                  1438017
has_self_collision   no_collision  with_collision
representation bits                              
ecfp4          128              6             886
               256              7             885
               1024             8             884
               2048             8             884
               4096             9             883
map4           128              0             892
               256              0             892
               1024             0             892
               2048             0             892
               4096             0             892
rdkit          128              5             887
               256              6             886
               1024             8             884
               2048             8             884
               4096             8             884
secfp6         128              0             892
               256              0             892
               1024             0             892
               2048             0             892
               4096             0             892
